ABC          8102  8103
Alt-Ergo    19769
AProVE       1229  8104 12042 19770
Boolector    3065  3066  8105  8106 12043 12044 19771
COLIBRI     12045 19772
Ctrl-Ergo   19773
CVC3         1262
CVC4         3090  3097  8107 12046 19774 19775
MapleSTP     8108  8109
MathSAT      2968  8110 12047 19776
MinkeyRink   8111 12048 19777 19778
OpenSMT2     3048  3049  8112 12049 19940
ProB         8113
Q3B          8114 12050 19780
raSAT        2768  8115  8116
Redlog      12051
SMTInterpol  2791  8118 12052 19781
SMT-RAT      3085  3086  8117 12053 19782 19783
SPASS-SATT  19784
STP          1305  2806  3059  3060  8119  8120  8121  8122 12054 12055 19785 19786 19787
toysmt       8123
Vampire      8124  8125 12056 19788
veriT        2965  8126 12057 12058 12059 19789 19790
XSat        12060
Yices       3054  3078  8127 12061 19791
Z3           3150  3153  3147  8128 12062 19792
